dollareuro:0.883546f
dollarcadollar:1.32897f
dollarsterling:0.784306f
dollaryuan:6.95547f

sterlingdollar:1.27501f
sterlingeuro:1.12653f
sterlingyuan:8.86743f
sterlingcadollar:1.69467f

yuansterling:0.112772f
yuaneuro:0.127046f
yuancadollar:0.143772f
yuandollar:0.191069f

cadollaryuan:5.23327f
cadollardollar:0.752490f
cadollareuro:0.664873f
cadollarsterling:0.590148f

eurosterling:0.887701f
eurocadollar:1.13177f
euroyuan:7.87114f
eurodollar:1.13179f